# Pick 位置 - 来自状态机黑板默认值
x: -0.41223850462518716
y: 0.17516332117030306
z: 0.3253017070504734

# 四元数 (根据住会角度计算)
qx: 0.577391798319681
qy: 0.4299463000132024
qz: -0.5282853654249783
qw: -0.4501993591909244

# 参考坐标系
frame_id: "base_link"
