# Pick 位置 - 已按 DUAL_JEARM 左臂基座坐标系换算到 base_link
x: -0.21966061203147025
y: -0.5379023504590841
z: 0.48856085197117777

# 四元数 - 已按 DUAL_JEARM 左臂基座姿态换算
qx: 0.11276390219028114
qy: 0.9929116822698711
qz: 0.01442683026805081
qw: -0.03467794894817312

# 参考坐标系
frame_id: "base_link"
