# Place 默认位置 - 已按 DUAL_JEARM 左臂基座坐标系换算到 base_link
x: -0.3182978287647691
y: -0.30670100572292247
z: 0.4037989942810653

qx: -0.01659836570155305
qy: -0.9941145267183089
qz: -0.02580021092886362
qw: 0.10389971674502421

frame_id: "base_link"
