joint_states:
  joint11: 0.0
  joint12: -1.57000
  joint13: 1.51320
  joint14: 1.74014
  joint15: 0.0
  joint16: -1.60300
  joint17: 0.0

scaling_factor: 0.5
