joint_states:
  joint1: 0.0
  joint2: -1.57011
  joint3: 1.66148
  joint4: 1.55624
  joint5: 0.0
  joint6: -1.45402
  joint7: 0.0
