joint_states:
  joint1: 0.0
  joint2: -1.57000
  joint3: 1.51320
  joint4: 1.74014
  joint5: 0.0
  joint6: -1.60300
  joint7: 0.0
