joint_states:
  joint1: 0.05515
  joint2: -0.66980
  joint3: 1.14801
  joint4: 1.07973
  joint5: -0.92877
  joint6: -1.42668
  joint7: 0.28524
