joint_states:
  joint11: 0.05515
  joint12: -0.66980
  joint13: 1.14801
  joint14: 1.07973
  joint15: -0.92877
  joint16: -1.42668
  joint17: 0.28524
