joint_states:
  joint1: -0.25082
  joint2: -0.97738
  joint3: 0.72503
  joint4: 0.75089
  joint5: -0.25453
  joint6: -1.36815
  joint7: 1.25563
