joint_states:
  joint1: -0.13098110673409874
  joint2: -1.4026924056249725
  joint3: 0.08815020597584858
  joint4: 1.3366904853812116
  joint5: 0.11461473014984944
  joint6: -1.5298531811437417
  joint7: -0.09381251255913145
