joint_states:
  joint11: -0.4347136170564223
  joint12: -1.709422170596126
  joint13: 1.3210870245544373
  joint14: 1.1526199813698774
  joint15: 0.1508147592679658
  joint16: -1.4913248568110127
  joint17: -1.367711651548727
