joint_states:
  joint1: -0.4347136170564223
  joint2: -1.709422170596126
  joint3: 1.0
  joint4: 1.1526199813698774
  joint5: 0.1508147592679658
  joint6: -1.4913248568110127
  joint7: -1.367711651548727
